1 114043.000000
2 111510.000000
3 100521.000000
4 97172.000000
5 110542.000000
6 76537.000000
7 93611.000000
8 90521.000000
9 75895.000000
10 85814.000000
11 73363.000000
12 87579.000000
13 24972.000000
14 46268.000000
15 24018.000000
16 16050.000000
17 16675.000000
18 36508.000000
19 43030.000000
20 24065.000000
21 43382.000000
22 24613.000000
23 21599.000000
24 14896.000000
25 36058.000000
26 36566.000000
27 42948.000000
28 36571.000000
29 39805.000000
30 38622.000000
31 31542.000000
32 16319.000000
33 6987.000000
34 5772.000000
35 35145.000000
36 30282.000000
37 43044.000000
38 41955.000000
39 29676.000000
40 42918.000000
41 5119.000000
42 42133.000000
43 43260.000000
44 42523.000000
